pdrtpy/tables/PartFun_13CH_p.tab
# %ECSV 1.0
# ---
# datatype:
# - {name: T, unit: K, datatype: float64}
# - {name: Q, datatype: float64}
# meta: !!omap
# - {Comment: 'Partition function tabulation for 13CH_p. Retrieved from https://www.exomol.com/db/CH_p/13C-1H_p/PYT/13C-1H_p__PYT.pf on
#     2026-05-06T12:14:34.273264. See also https://www.exomol.com/data/molecules/ and Pearce+2024, MNRAS 527, 10726.'}
# schema: astropy-2.0
T Q
[from data line 8818]
8819.0 6871.2123
8820.0 6872.9703
8821.0 6874.7286
8822.0 6876.4871
8823.0 6878.2459
8824.0 6880.005
8825.0 6881.7643
8826.0 6883.5239
8827.0 6885.2838
8828.0 6887.044
8829.0 6888.8044
8830.0 6890.5651
8831.0 6892.326
8832.0 6894.0872
8833.0 6895.8487
8834.0 6897.6105
8835.0 6899.3725
8836.0 6901.1348
8837.0 6902.8974
8838.0 6904.6602
8839.0 6906.4233
8840.0 6908.1867
8841.0 6909.9503
8842.0 6911.7142
8843.0 6913.4784
8844.0 6915.2429
8845.0 6917.0076
8846.0 6918.7726
8847.0 6920.5378
8848.0 6922.3034
8849.0 6924.0691
8850.0 6925.8352
8851.0 6927.6015
8852.0 6929.3681
8853.0 6931.135
8854.0 6932.9021
8855.0 6934.6695
8856.0 6936.4372
8857.0 6938.2052
8858.0 6939.9734
8859.0 6941.7418
8860.0 6943.5106
8861.0 6945.2796
8862.0 6947.0489
8863.0 6948.8184
8864.0 6950.5883
8865.0 6952.3584
8866.0 6954.1287
8867.0 6955.8993
8868.0 6957.6702
8869.0 6959.4414
8870.0 6961.2128
8871.0 6962.9845
8872.0 6964.7565
8873.0 6966.5287
8874.0 6968.3013
8875.0 6970.074
8876.0 6971.8471
8877.0 6973.6204
8878.0 6975.394
8879.0 6977.1678
8880.0 6978.9419
8881.0 6980.7163
8882.0 6982.491
8883.0 6984.2659
8884.0 6986.0411
8885.0 6987.8165
8886.0 6989.5923
8887.0 6991.3683
8888.0 6993.1445
8889.0 6994.9211
8890.0 6996.6979
8891.0 6998.4749
8892.0 7000.2523
8893.0 7002.0299
8894.0 7003.8077
8895.0 7005.5859
8896.0 7007.3643
8897.0 7009.143
8898.0 7010.9219
8899.0 7012.7011
8900.0 7014.4806
8901.0 7016.2603
8902.0 7018.0404
8903.0 7019.8206
8904.0 7021.6012
8905.0 7023.382
8906.0 7025.1631
8907.0 7026.9445
8908.0 7028.7261
8909.0 7030.508
8910.0 7032.2901
8911.0 7034.0726
8912.0 7035.8553
8913.0 7037.6382
8914.0 7039.4215
8915.0 7041.205
8916.0 7042.9887
8917.0 7044.7728
8918.0 7046.5571
8919.0 7048.3416
8920.0 7050.1265
8921.0 7051.9116
8922.0 7053.697
8923.0 7055.4826
8924.0 7057.2685
8925.0 7059.0547
8926.0 7060.8411
8927.0 7062.6278
8928.0 7064.4148
8929.0 7066.2021
8930.0 7067.9896
8931.0 7069.7774
8932.0 7071.5654
8933.0 7073.3537
8934.0 7075.1423
8935.0 7076.9312
8936.0 7078.7203
8937.0 7080.5097
8938.0 7082.2993
8939.0 7084.0893
8940.0 7085.8795
8941.0 7087.6699
8942.0 7089.4606
8943.0 7091.2516
8944.0 7093.0429
8945.0 7094.8344
8946.0 7096.6262
8947.0 7098.4183
8948.0 7100.2106
8949.0 7102.0032
8950.0 7103.7961
8951.0 7105.5892
8952.0 7107.3826
8953.0 7109.1763
8954.0 7110.9702
8955.0 7112.7644
8956.0 7114.5589
8957.0 7116.3536
8958.0 7118.1486
8959.0 7119.9439
8960.0 7121.7394
8961.0 7123.5353
8962.0 7125.3313
8963.0 7127.1277
8964.0 7128.9243
8965.0 7130.7211
8966.0 7132.5183
8967.0 7134.3157
8968.0 7136.1134
8969.0 7137.9113
8970.0 7139.7095
8971.0 7141.508
8972.0 7143.3067
8973.0 7145.1058
8974.0 7146.905
8975.0 7148.7046
8976.0 7150.5044
8977.0 7152.3045
8978.0 7154.1048
8979.0 7155.9054
8980.0 7157.7063
8981.0 7159.5075
8982.0 7161.3089
8983.0 7163.1105
8984.0 7164.9125
8985.0 7166.7147
8986.0 7168.5172
8987.0 7170.3199
8988.0 7172.123
8989.0 7173.9262
8990.0 7175.7298
8991.0 7177.5336
8992.0 7179.3377
8993.0 7181.142
8994.0 7182.9466
8995.0 7184.7515
8996.0 7186.5567
8997.0 7188.3621
8998.0 7190.1678
8999.0 7191.9737
9000.0 7193.7799
9001.0 7195.5864
9002.0 7197.3932
9003.0 7199.2002
9004.0 7201.0075
9005.0 7202.815
9006.0 7204.6228
9007.0 7206.4309
9008.0 7208.2392
9009.0 7210.0479
9010.0 7211.8567
9011.0 7213.6659
9012.0 7215.4753
9013.0 7217.285
9014.0 7219.0949
9015.0 7220.9051
9016.0 7222.7156
9017.0 7224.5264
9018.0 7226.3374
9019.0 7228.1486
9020.0 7229.9602
9021.0 7231.772
9022.0 7233.5841
9023.0 7235.3964
9024.0 7237.209
9025.0 7239.0219
9026.0 7240.835
9027.0 7242.6485
9028.0 7244.4621
9029.0 7246.2761
9030.0 7248.0903
9031.0 7249.9047
9032.0 7251.7195
9033.0 7253.5345
9034.0 7255.3498
9035.0 7257.1653
9036.0 7258.9811
9037.0 7260.7972
9038.0 7262.6135
9039.0 7264.4301
9040.0 7266.247
9041.0 7268.0641
9042.0 7269.8815
9043.0 7271.6992
9044.0 7273.5171
9045.0 7275.3353
9046.0 7277.1538
9047.0 7278.9725
9048.0 7280.7915
9049.0 7282.6107
9050.0 7284.4303
9051.0 7286.2501
9052.0 7288.0701
9053.0 7289.8904
9054.0 7291.711
9055.0 7293.5319
9056.0 7295.353
9057.0 7297.1744
9058.0 7298.996
9059.0 7300.818
9060.0 7302.6401
9061.0 7304.4626
9062.0 7306.2853
9063.0 7308.1083
9064.0 7309.9315
9065.0 7311.755
9066.0 7313.5788
9067.0 7315.4029
9068.0 7317.2272
9069.0 7319.0517
9070.0 7320.8766
9071.0 7322.7017
9072.0 7324.5271
9073.0 7326.3527
9074.0 7328.1786
9075.0 7330.0048
9076.0 7331.8312
9077.0 7333.6579
9078.0 7335.4849
9079.0 7337.3121
9080.0 7339.1396
9081.0 7340.9673
9082.0 7342.7954
9083.0 7344.6237
9084.0 7346.4522
9085.0 7348.281
9086.0 7350.1101
9087.0 7351.9395
9088.0 7353.7691
9089.0 7355.599
9090.0 7357.4291
9091.0 7359.2595
9092.0 7361.0902
9093.0 7362.9211
9094.0 7364.7524
9095.0 7366.5838
9096.0 7368.4156
9097.0 7370.2476
9098.0 7372.0798
9099.0 7373.9124
9100.0 7375.7452
9101.0 7377.5782
9102.0 7379.4116
9103.0 7381.2452
9104.0 7383.079
9105.0 7384.9131
9106.0 7386.7475
9107.0 7388.5822
9108.0 7390.4171
9109.0 7392.2523
9110.0 7394.0877
9111.0 7395.9234
9112.0 7397.7594
9113.0 7399.5957
9114.0 7401.4322
9115.0 7403.2689
9116.0 7405.106
9117.0 7406.9433
9118.0 7408.7808
9119.0 7410.6187
9120.0 7412.4568
9121.0 7414.2951
9122.0 7416.1337
9123.0 7417.9726
9124.0 7419.8118
9125.0 7421.6512
9126.0 7423.4909
9127.0 7425.3308
9128.0 7427.1711
9129.0 7429.0115
9130.0 7430.8523
9131.0 7432.6933
9132.0 7434.5345
9133.0 7436.3761
9134.0 7438.2179
9135.0 7440.0599
9136.0 7441.9023
9137.0 7443.7449
9138.0 7445.5877
9139.0 7447.4308
9140.0 7449.2742
9141.0 7451.1179
9142.0 7452.9618
9143.0 7454.806
9144.0 7456.6504
9145.0 7458.4951
9146.0 7460.3401
9147.0 7462.1853
9148.0 7464.0308
9149.0 7465.8766
9150.0 7467.7226
9151.0 7469.5689
9152.0 7471.4155
9153.0 7473.2623
9154.0 7475.1094
9155.0 7476.9567
9156.0 7478.8044
9157.0 7480.6522
9158.0 7482.5004
9159.0 7484.3488
9160.0 7486.1975
9161.0 7488.0464
9162.0 7489.8956
9163.0 7491.7451
9164.0 7493.5948
9165.0 7495.4448
9166.0 7497.295
9167.0 7499.1455
9168.0 7500.9963
9169.0 7502.8474
9170.0 7504.6987
9171.0 7506.5503
9172.0 7508.4021
9173.0 7510.2542
9174.0 7512.1066
9175.0 7513.9592
9176.0 7515.8121
9177.0 7517.6652
9178.0 7519.5187
9179.0 7521.3723
9180.0 7523.2263
9181.0 7525.0805
9182.0 7526.935
9183.0 7528.7897
9184.0 7530.6447
9185.0 7532.5
9186.0 7534.3555
9187.0 7536.2113
9188.0 7538.0674
9189.0 7539.9237
9190.0 7541.7803
9191.0 7543.6371
9192.0 7545.4942
9193.0 7547.3516
9194.0 7549.2092
9195.0 7551.0671
9196.0 7552.9253
9197.0 7554.7837
9198.0 7556.6424
9199.0 7558.5014
9200.0 7560.3606
9201.0 7562.2201
9202.0 7564.0798
9203.0 7565.9398
9204.0 7567.8001
9205.0 7569.6606
9206.0 7571.5214
9207.0 7573.3825
9208.0 7575.2438
9209.0 7577.1054
9210.0 7578.9673
9211.0 7580.8294
9212.0 7582.6917
9213.0 7584.5544
9214.0 7586.4173
9215.0 7588.2805
9216.0 7590.1439
9217.0 7592.0076
9218.0 7593.8715
9219.0 7595.7357
9220.0 7597.6002
9221.0 7599.465
9222.0 7601.33
9223.0 7603.1952
9224.0 7605.0608
9225.0 7606.9266
9226.0 7608.7926
9227.0 7610.659
9228.0 7612.5255
9229.0 7614.3924
9230.0 7616.2595
9231.0 7618.1269
9232.0 7619.9945
9233.0 7621.8624
9234.0 7623.7306
9235.0 7625.599
9236.0 7627.4677
9237.0 7629.3366
9238.0 7631.2058
9239.0 7633.0753
9240.0 7634.9451
9241.0 7636.8151
9242.0 7638.6853
9243.0 7640.5558
9244.0 7642.4266
9245.0 7644.2977
9246.0 7646.169
9247.0 7648.0406
9248.0 7649.9124
9249.0 7651.7845
9250.0 7653.6569
9251.0 7655.5295
9252.0 7657.4024
9253.0 7659.2755
9254.0 7661.149
9255.0 7663.0226
9256.0 7664.8966
9257.0 7666.7708
9258.0 7668.6452
9259.0 7670.52
9260.0 7672.3949
9261.0 7674.2702
9262.0 7676.1457
9263.0 7678.0215
9264.0 7679.8975
9265.0 7681.7738
9266.0 7683.6504
9267.0 7685.5272
9268.0 7687.4043
9269.0 7689.2816
9270.0 7691.1592
9271.0 7693.0371
9272.0 7694.9152
9273.0 7696.7936
9274.0 7698.6723
9275.0 7700.5512
9276.0 7702.4304
9277.0 7704.3098
9278.0 7706.1895
9279.0 7708.0695
9280.0 7709.9497
9281.0 7711.8302
9282.0 7713.711
9283.0 7715.592
9284.0 7717.4733
9285.0 7719.3548
9286.0 7721.2366
9287.0 7723.1187
9288.0 7725.001
9289.0 7726.8836
9290.0 7728.7664
9291.0 7730.6495
9292.0 7732.5329
9293.0 7734.4165
9294.0 7736.3004
9295.0 7738.1846
9296.0 7740.069
9297.0 7741.9537
9298.0 7743.8386
9299.0 7745.7238
9300.0 7747.6093
9301.0 7749.495
9302.0 7751.381
9303.0 7753.2672
9304.0 7755.1537
9305.0 7757.0405
9306.0 7758.9275
9307.0 7760.8148
9308.0 7762.7024
9309.0 7764.5902
9310.0 7766.4783
9311.0 7768.3666
9312.0 7770.2552
9313.0 7772.1441
9314.0 7774.0332
9315.0 7775.9226
9316.0 7777.8122
9317.0 7779.7021
9318.0 7781.5923
9319.0 7783.4827
9320.0 7785.3734
9321.0 7787.2644
9322.0 7789.1556
9323.0 7791.0471
9324.0 7792.9388
9325.0 7794.8308
9326.0 7796.723
9327.0 7798.6156
9328.0 7800.5083
9329.0 7802.4014
9330.0 7804.2947
9331.0 7806.1882
9332.0 7808.0821
9333.0 7809.9761
9334.0 7811.8705
9335.0 7813.7651
9336.0 7815.66
9337.0 7817.5551
9338.0 7819.4505
9339.0 7821.3461
9340.0 7823.242
9341.0 7825.1382
9342.0 7827.0346
9343.0 7828.9313
9344.0 7830.8283
9345.0 7832.7255
9346.0 7834.623
9347.0 7836.5207
9348.0 7838.4187
9349.0 7840.317
9350.0 7842.2155
9351.0 7844.1142
9352.0 7846.0133
9353.0 7847.9126
9354.0 7849.8121
9355.0 7851.712
9356.0 7853.612
9357.0 7855.5124
9358.0 7857.413
9359.0 7859.3138
9360.0 7861.215
9361.0 7863.1163
9362.0 7865.018
9363.0 7866.9199
9364.0 7868.822
9365.0 7870.7245
9366.0 7872.6272
9367.0 7874.5301
9368.0 7876.4333
9369.0 7878.3368
9370.0 7880.2405
9371.0 7882.1445
9372.0 7884.0487
9373.0 7885.9532
9374.0 7887.858
9375.0 7889.763
9376.0 7891.6683
9377.0 7893.5738
9378.0 7895.4796
9379.0 7897.3857
9380.0 7899.292
9381.0 7901.1986
9382.0 7903.1055
9383.0 7905.0126
9384.0 7906.9199
9385.0 7908.8276
9386.0 7910.7355
9387.0 7912.6436
9388.0 7914.552
9389.0 7916.4607
9390.0 7918.3696
9391.0 7920.2788
9392.0 7922.1882
9393.0 7924.0979
9394.0 7926.0079
9395.0 7927.9181
9396.0 7929.8286
9397.0 7931.7393
9398.0 7933.6503
9399.0 7935.5616
9400.0 7937.4731
9401.0 7939.3849
9402.0 7941.2969
9403.0 7943.2092
9404.0 7945.1218
9405.0 7947.0346
9406.0 7948.9477
9407.0 7950.861
9408.0 7952.7746
9409.0 7954.6885
9410.0 7956.6026
9411.0 7958.517
9412.0 7960.4316
9413.0 7962.3465
9414.0 7964.2617
9415.0 7966.1771
9416.0 7968.0928
9417.0 7970.0087
9418.0 7971.9249
9419.0 7973.8413
9420.0 7975.758
9421.0 7977.675
9422.0 7979.5922
9423.0 7981.5097
9424.0 7983.4275
9425.0 7985.3455
9426.0 7987.2637
9427.0 7989.1823
9428.0 7991.101
9429.0 7993.0201
9430.0 7994.9394
9431.0 7996.859
9432.0 7998.7788
9433.0 8000.6988
9434.0 8002.6192
9435.0 8004.5398
9436.0 8006.4606
9437.0 8008.3818
9438.0 8010.3031
9439.0 8012.2248
9440.0 8014.1466
9441.0 8016.0688
9442.0 8017.9912
9443.0 8019.9139
9444.0 8021.8368
9445.0 8023.76
9446.0 8025.6834
9447.0 8027.6071
9448.0 8029.5311
9449.0 8031.4553
9450.0 8033.3798
9451.0 8035.3045
9452.0 8037.2295
9453.0 8039.1548
9454.0 8041.0803
9455.0 8043.006
9456.0 8044.9321
9457.0 8046.8584
9458.0 8048.7849
9459.0 8050.7117
9460.0 8052.6388
9461.0 8054.5661
9462.0 8056.4937
9463.0 8058.4215
9464.0 8060.3496
9465.0 8062.278
9466.0 8064.2066
9467.0 8066.1354
9468.0 8068.0646
9469.0 8069.994
9470.0 8071.9236
9471.0 8073.8535
9472.0 8075.7837
9473.0 8077.7141
9474.0 8079.6448
9475.0 8081.5757
9476.0 8083.5069
9477.0 8085.4384
9478.0 8087.3701
9479.0 8089.302
9480.0 8091.2343
9481.0 8093.1667
9482.0 8095.0995
9483.0 8097.0325
9484.0 8098.9658
9485.0 8100.8993
9486.0 8102.833
9487.0 8104.7671
9488.0 8106.7014
9489.0 8108.6359
9490.0 8110.5707
9491.0 8112.5058
9492.0 8114.4411
9493.0 8116.3767
9494.0 8118.3125
9495.0 8120.2486
9496.0 8122.185
9497.0 8124.1216
9498.0 8126.0584
9499.0 8127.9956
9500.0 8129.933
9501.0 8131.8706
9502.0 8133.8085
9503.0 8135.7466
9504.0 8137.6851
9505.0 8139.6237
9506.0 8141.5627
9507.0 8143.5018
9508.0 8145.4413
9509.0 8147.381
9510.0 8149.3209
9511.0 8151.2612
9512.0 8153.2016
9513.0 8155.1424
9514.0 8157.0834
9515.0 8159.0246
9516.0 8160.9661
9517.0 8162.9079
9518.0 8164.8499
9519.0 8166.7921
9520.0 8168.7347
9521.0 8170.6775
9522.0 8172.6205
9523.0 8174.5638
9524.0 8176.5074
9525.0 8178.4512
9526.0 8180.3953
9527.0 8182.3396
9528.0 8184.2842
9529.0 8186.229
9530.0 8188.1741
9531.0 8190.1195
9532.0 8192.0651
9533.0 8194.011
9534.0 8195.9571
9535.0 8197.9035
9536.0 8199.8501
9537.0 8201.797
9538.0 8203.7442
9539.0 8205.6916
9540.0 8207.6393
9541.0 8209.5872
9542.0 8211.5354
9543.0 8213.4838
9544.0 8215.4325
9545.0 8217.3815
9546.0 8219.3307
9547.0 8221.2801
9548.0 8223.2299
9549.0 8225.1798
9550.0 8227.1301
9551.0 8229.0806
9552.0 8231.0313
9553.0 8232.9823
9554.0 8234.9336
9555.0 8236.8851
9556.0 8238.8369
9557.0 8240.7889
9558.0 8242.7412
9559.0 8244.6937
9560.0 8246.6465
9561.0 8248.5996
9562.0 8250.5529
9563.0 8252.5065
9564.0 8254.4603
9565.0 8256.4144
9566.0 8258.3687
9567.0 8260.3233
9568.0 8262.2782
9569.0 8264.2333
9570.0 8266.1887
9571.0 8268.1443
9572.0 8270.1001
9573.0 8272.0563
9574.0 8274.0127
9575.0 8275.9693
9576.0 8277.9262
9577.0 8279.8834
9578.0 8281.8408
9579.0 8283.7984
9580.0 8285.7564
9581.0 8287.7145
9582.0 8289.673
9583.0 8291.6317
9584.0 8293.5906
9585.0 8295.5498
9586.0 8297.5093
9587.0 8299.469
9588.0 8301.429
9589.0 8303.3892
9590.0 8305.3497
9591.0 8307.3104
9592.0 8309.2714
9593.0 8311.2326
9594.0 8313.1941
9595.0 8315.1559
9596.0 8317.1179
9597.0 8319.0802
9598.0 8321.0427
9599.0 8323.0055
9600.0 8324.9685
9601.0 8326.9318
9602.0 8328.8954
9603.0 8330.8592
9604.0 8332.8232
9605.0 8334.7875
9606.0 8336.7521
9607.0 8338.7169
9608.0 8340.682
9609.0 8342.6474
9610.0 8344.6129
9611.0 8346.5788
9612.0 8348.5449
9613.0 8350.5112
9614.0 8352.4779
9615.0 8354.4447
9616.0 8356.4118
9617.0 8358.3792
9618.0 8360.3469
9619.0 8362.3147
9620.0 8364.2829
9621.0 8366.2513
9622.0 8368.2199
9623.0 8370.1888
9624.0 8372.158
9625.0 8374.1274
9626.0 8376.0971
9627.0 8378.067
9628.0 8380.0372
9629.0 8382.0076
9630.0 8383.9783
9631.0 8385.9493
9632.0 8387.9205
9633.0 8389.8919
9634.0 8391.8636
9635.0 8393.8356
9636.0 8395.8078
9637.0 8397.7803
9638.0 8399.753
9639.0 8401.726
9640.0 8403.6992
9641.0 8405.6727
9642.0 8407.6465
9643.0 8409.6205
9644.0 8411.5947
9645.0 8413.5693
9646.0 8415.544
9647.0 8417.519
9648.0 8419.4943
9649.0 8421.4698
9650.0 8423.4456
9651.0 8425.4217
9652.0 8427.3979
9653.0 8429.3745
9654.0 8431.3513
9655.0 8433.3284
9656.0 8435.3057
9657.0 8437.2832
9658.0 8439.261
9659.0 8441.2391
9660.0 8443.2174
9661.0 8445.196
9662.0 8447.1748
9663.0 8449.1539
9664.0 8451.1333
9665.0 8453.1129
9666.0 8455.0927
9667.0 8457.0728
9668.0 8459.0532
9669.0 8461.0338
9670.0 8463.0147
9671.0 8464.9958
9672.0 8466.9772
9673.0 8468.9588
9674.0 8470.9407
9675.0 8472.9228
9676.0 8474.9052
9677.0 8476.8878
9678.0 8478.8707
9679.0 8480.8539
9680.0 8482.8373
9681.0 8484.8209
9682.0 8486.8049
9683.0 8488.789
9684.0 8490.7734
9685.0 8492.7581
9686.0 8494.743
9687.0 8496.7282
9688.0 8498.7136
9689.0 8500.6993
9690.0 8502.6853
9691.0 8504.6715
9692.0 8506.6579
9693.0 8508.6446
9694.0 8510.6316
9695.0 8512.6188
9696.0 8514.6062
9697.0 8516.5939
9698.0 8518.5819
9699.0 8520.5701
9700.0 8522.5586
9701.0 8524.5473
9702.0 8526.5363
9703.0 8528.5255
9704.0 8530.515
9705.0 8532.5048
9706.0 8534.4948
9707.0 8536.485
9708.0 8538.4755
9709.0 8540.4663
9710.0 8542.4573
9711.0 8544.4485
9712.0 8546.44
9713.0 8548.4318
9714.0 8550.4238
9715.0 8552.4161
9716.0 8554.4086
9717.0 8556.4014
9718.0 8558.3944
9719.0 8560.3877
9720.0 8562.3812
9721.0 8564.375
9722.0 8566.369
9723.0 8568.3633
9724.0 8570.3579
9725.0 8572.3527
9726.0 8574.3477
9727.0 8576.343
9728.0 8578.3386
9729.0 8580.3344
9730.0 8582.3305
9731.0 8584.3268
9732.0 8586.3233
9733.0 8588.3202
9734.0 8590.3172
9735.0 8592.3145
9736.0 8594.3121
9737.0 8596.31
9738.0 8598.308
9739.0 8600.3064
9740.0 8602.3049
9741.0 8604.3038
9742.0 8606.3029
9743.0 8608.3022
9744.0 8610.3018
9745.0 8612.3017
9746.0 8614.3018
9747.0 8616.3021
9748.0 8618.3027
9749.0 8620.3036
9750.0 8622.3047
9751.0 8624.306
9752.0 8626.3076
9753.0 8628.3095
9754.0 8630.3116
9755.0 8632.314
9756.0 8634.3166
9757.0 8636.3195
9758.0 8638.3226
9759.0 8640.326
9760.0 8642.3296
9761.0 8644.3335
9762.0 8646.3376
9763.0 8648.342
9764.0 8650.3466
9765.0 8652.3515
