pdrtpy/tables/PartFun_13CH_p.tab
# %ECSV 1.0
# ---
# datatype:
# - {name: T, unit: K, datatype: float64}
# - {name: Q, datatype: float64}
# meta: !!omap
# - {Comment: 'Partition function tabulation for 13CH_p. Retrieved from https://www.exomol.com/db/CH_p/13C-1H_p/PYT/13C-1H_p__PYT.pf on
#     2026-05-06T12:14:34.273264. See also https://www.exomol.com/data/molecules/ and Pearce+2024, MNRAS 527, 10726.'}
# schema: astropy-2.0
T Q
[from data line 9766]
9767.0 8656.362
9768.0 8658.3677
9769.0 8660.3736
9770.0 8662.3797
9771.0 8664.3861
9772.0 8666.3928
9773.0 8668.3997
9774.0 8670.4068
9775.0 8672.4142
9776.0 8674.4219
9777.0 8676.4298
9778.0 8678.4379
9779.0 8680.4463
9780.0 8682.455
9781.0 8684.4639
9782.0 8686.4731
9783.0 8688.4825
9784.0 8690.4922
9785.0 8692.5021
9786.0 8694.5122
9787.0 8696.5227
9788.0 8698.5333
9789.0 8700.5443
9790.0 8702.5554
9791.0 8704.5669
9792.0 8706.5785
9793.0 8708.5905
9794.0 8710.6026
9795.0 8712.6151
9796.0 8714.6277
9797.0 8716.6407
9798.0 8718.6539
9799.0 8720.6673
9800.0 8722.681
9801.0 8724.6949
9802.0 8726.7091
9803.0 8728.7235
9804.0 8730.7382
9805.0 8732.7531
9806.0 8734.7683
9807.0 8736.7838
9808.0 8738.7995
9809.0 8740.8154
9810.0 8742.8316
9811.0 8744.848
9812.0 8746.8647
9813.0 8748.8817
9814.0 8750.8989
9815.0 8752.9163
9816.0 8754.934
9817.0 8756.952
9818.0 8758.9702
9819.0 8760.9886
9820.0 8763.0073
9821.0 8765.0262
9822.0 8767.0454
9823.0 8769.0649
9824.0 8771.0846
9825.0 8773.1045
9826.0 8775.1247
9827.0 8777.1452
9828.0 8779.1659
9829.0 8781.1868
9830.0 8783.208
9831.0 8785.2295
9832.0 8787.2512
9833.0 8789.2731
9834.0 8791.2953
9835.0 8793.3178
9836.0 8795.3405
9837.0 8797.3635
9838.0 8799.3867
9839.0 8801.4101
9840.0 8803.4338
9841.0 8805.4578
9842.0 8807.482
9843.0 8809.5064
9844.0 8811.5311
9845.0 8813.5561
9846.0 8815.5813
9847.0 8817.6067
9848.0 8819.6324
9849.0 8821.6584
9850.0 8823.6846
9851.0 8825.711
9852.0 8827.7377
9853.0 8829.7647
9854.0 8831.7919
9855.0 8833.8193
9856.0 8835.847
9857.0 8837.875
9858.0 8839.9032
9859.0 8841.9316
9860.0 8843.9603
9861.0 8845.9893
9862.0 8848.0185
9863.0 8850.0479
9864.0 8852.0776
9865.0 8854.1075
9866.0 8856.1377
9867.0 8858.1682
9868.0 8860.1989
9869.0 8862.2298
9870.0 8864.261
9871.0 8866.2924
9872.0 8868.3241
9873.0 8870.3561
9874.0 8872.3883
9875.0 8874.4207
9876.0 8876.4534
9877.0 8878.4863
9878.0 8880.5195
9879.0 8882.5529
9880.0 8884.5866
9881.0 8886.6205
9882.0 8888.6547
9883.0 8890.6892
9884.0 8892.7238
9885.0 8894.7588
9886.0 8896.7939
9887.0 8898.8294
9888.0 8900.865
9889.0 8902.901
9890.0 8904.9371
9891.0 8906.9735
9892.0 8909.0102
9893.0 8911.0471
9894.0 8913.0843
9895.0 8915.1217
9896.0 8917.1594
9897.0 8919.1973
9898.0 8921.2355
9899.0 8923.2739
9900.0 8925.3125
9901.0 8927.3514
9902.0 8929.3906
9903.0 8931.43
9904.0 8933.4696
9905.0 8935.5095
9906.0 8937.5497
9907.0 8939.5901
9908.0 8941.6307
9909.0 8943.6716
9910.0 8945.7128
9911.0 8947.7542
9912.0 8949.7958
9913.0 8951.8377
9914.0 8953.8798
9915.0 8955.9222
9916.0 8957.9648
9917.0 8960.0077
9918.0 8962.0508
9919.0 8964.0942
9920.0 8966.1378
9921.0 8968.1817
9922.0 8970.2258
9923.0 8972.2702
9924.0 8974.3148
9925.0 8976.3597
9926.0 8978.4048
9927.0 8980.4501
9928.0 8982.4958
9929.0 8984.5416
9930.0 8986.5877
9931.0 8988.6341
9932.0 8990.6807
9933.0 8992.7275
9934.0 8994.7746
9935.0 8996.8219
9936.0 8998.8695
9937.0 9000.9174
9938.0 9002.9655
9939.0 9005.0138
9940.0 9007.0624
9941.0 9009.1112
9942.0 9011.1603
9943.0 9013.2096
9944.0 9015.2592
9945.0 9017.309
9946.0 9019.359
9947.0 9021.4094
9948.0 9023.4599
9949.0 9025.5107
9950.0 9027.5618
9951.0 9029.6131
9952.0 9031.6646
9953.0 9033.7164
9954.0 9035.7685
9955.0 9037.8208
9956.0 9039.8733
9957.0 9041.9261
9958.0 9043.9791
9959.0 9046.0324
9960.0 9048.0859
9961.0 9050.1397
9962.0 9052.1937
9963.0 9054.248
9964.0 9056.3025
9965.0 9058.3573
9966.0 9060.4123
9967.0 9062.4675
9968.0 9064.523
9969.0 9066.5788
9970.0 9068.6348
9971.0 9070.691
9972.0 9072.7475
9973.0 9074.8042
9974.0 9076.8612
9975.0 9078.9184
9976.0 9080.9759
9977.0 9083.0336
9978.0 9085.0916
9979.0 9087.1498
9980.0 9089.2083
9981.0 9091.267
9982.0 9093.326
9983.0 9095.3852
9984.0 9097.4446
9985.0 9099.5043
9986.0 9101.5642
9987.0 9103.6244
9988.0 9105.6849
9989.0 9107.7455
9990.0 9109.8065
9991.0 9111.8676
9992.0 9113.9291
9993.0 9115.9907
9994.0 9118.0526
9995.0 9120.1148
9996.0 9122.1772
9997.0 9124.2399
9998.0 9126.3028
9999.0 9128.3659
10000.0 9130.4293
