pdrtpy/tables/PartFun_CH_p.tab
# %ECSV 1.0
# ---
# datatype:
# - {name: T, unit: K, datatype: float64}
# - {name: Q, datatype: float64}
# meta: !!omap
# - {Comment: 'Partition function tabulation for CH_p. Retrieved from https://www.exomol.com/db/CH_p/12C-1H_p/PYT/12C-1H_p__PYT.pf on
#     2026-05-06T12:14:28.084350. See also https://www.exomol.com/data/molecules/ and Pearce+2024, MNRAS 527, 10726.'}
# schema: astropy-2.0
T Q
[from data line 2152]
2153.0 265.1195
2154.0 265.2915
2155.0 265.4637
2156.0 265.6358
2157.0 265.8081
2158.0 265.9804
2159.0 266.1528
2160.0 266.3252
2161.0 266.4977
2162.0 266.6702
2163.0 266.8428
2164.0 267.0155
2165.0 267.1882
2166.0 267.361
2167.0 267.5339
2168.0 267.7068
2169.0 267.8797
2170.0 268.0528
2171.0 268.2259
2172.0 268.399
2173.0 268.5722
2174.0 268.7455
2175.0 268.9188
2176.0 269.0922
2177.0 269.2657
2178.0 269.4392
2179.0 269.6128
2180.0 269.7864
2181.0 269.9601
2182.0 270.1338
2183.0 270.3077
2184.0 270.4815
2185.0 270.6555
2186.0 270.8295
2187.0 271.0035
2188.0 271.1776
2189.0 271.3518
2190.0 271.5261
2191.0 271.7004
2192.0 271.8747
2193.0 272.0491
2194.0 272.2236
2195.0 272.3982
2196.0 272.5728
2197.0 272.7474
2198.0 272.9222
2199.0 273.0969
2200.0 273.2718
2201.0 273.4467
2202.0 273.6217
2203.0 273.7967
2204.0 273.9718
2205.0 274.1469
2206.0 274.3221
2207.0 274.4974
2208.0 274.6727
2209.0 274.8481
2210.0 275.0236
2211.0 275.1991
2212.0 275.3747
2213.0 275.5503
2214.0 275.726
2215.0 275.9018
2216.0 276.0776
2217.0 276.2535
2218.0 276.4294
2219.0 276.6054
2220.0 276.7815
2221.0 276.9576
2222.0 277.1338
2223.0 277.31
2224.0 277.4863
2225.0 277.6627
2226.0 277.8391
2227.0 278.0156
2228.0 278.1921
2229.0 278.3688
2230.0 278.5454
2231.0 278.7222
2232.0 278.8989
2233.0 279.0758
2234.0 279.2527
2235.0 279.4297
2236.0 279.6067
2237.0 279.7838
2238.0 279.961
2239.0 280.1382
2240.0 280.3155
2241.0 280.4928
2242.0 280.6702
2243.0 280.8477
2244.0 281.0252
2245.0 281.2028
2246.0 281.3804
2247.0 281.5582
2248.0 281.7359
2249.0 281.9138
2250.0 282.0917
2251.0 282.2696
2252.0 282.4476
2253.0 282.6257
2254.0 282.8038
2255.0 282.982
2256.0 283.1603
2257.0 283.3386
2258.0 283.517
2259.0 283.6954
2260.0 283.8739
2261.0 284.0525
2262.0 284.2311
2263.0 284.4098
2264.0 284.5886
2265.0 284.7674
2266.0 284.9462
2267.0 285.1252
2268.0 285.3042
2269.0 285.4832
2270.0 285.6623
2271.0 285.8415
2272.0 286.0208
2273.0 286.2001
2274.0 286.3794
2275.0 286.5588
2276.0 286.7383
2277.0 286.9179
2278.0 287.0975
2279.0 287.2772
2280.0 287.4569
2281.0 287.6367
2282.0 287.8165
2283.0 287.9964
2284.0 288.1764
2285.0 288.3565
2286.0 288.5366
2287.0 288.7167
2288.0 288.8969
2289.0 289.0772
2290.0 289.2576
2291.0 289.438
2292.0 289.6185
2293.0 289.799
2294.0 289.9796
2295.0 290.1602
2296.0 290.3409
2297.0 290.5217
2298.0 290.7026
2299.0 290.8835
2300.0 291.0644
2301.0 291.2454
2302.0 291.4265
2303.0 291.6077
2304.0 291.7889
2305.0 291.9701
2306.0 292.1515
2307.0 292.3329
2308.0 292.5143
2309.0 292.6958
2310.0 292.8774
2311.0 293.0591
2312.0 293.2408
2313.0 293.4225
2314.0 293.6044
2315.0 293.7862
2316.0 293.9682
2317.0 294.1502
2318.0 294.3323
2319.0 294.5144
2320.0 294.6966
2321.0 294.8789
2322.0 295.0612
2323.0 295.2436
2324.0 295.426
2325.0 295.6085
2326.0 295.7911
2327.0 295.9737
2328.0 296.1564
2329.0 296.3391
2330.0 296.522
2331.0 296.7048
2332.0 296.8878
2333.0 297.0708
2334.0 297.2538
2335.0 297.437
2336.0 297.6201
2337.0 297.8034
2338.0 297.9867
2339.0 298.1701
2340.0 298.3535
2341.0 298.537
2342.0 298.7206
2343.0 298.9042
2344.0 299.0879
2345.0 299.2716
2346.0 299.4554
2347.0 299.6393
2348.0 299.8232
2349.0 300.0072
2350.0 300.1913
2351.0 300.3754
2352.0 300.5596
2353.0 300.7438
2354.0 300.9281
2355.0 301.1125
2356.0 301.2969
2357.0 301.4814
2358.0 301.6659
2359.0 301.8505
2360.0 302.0352
2361.0 302.22
2362.0 302.4048
2363.0 302.5896
2364.0 302.7745
2365.0 302.9595
2366.0 303.1446
2367.0 303.3297
2368.0 303.5149
2369.0 303.7001
2370.0 303.8854
2371.0 304.0708
2372.0 304.2562
2373.0 304.4417
2374.0 304.6272
2375.0 304.8128
2376.0 304.9985
2377.0 305.1842
2378.0 305.37
2379.0 305.5559
2380.0 305.7418
2381.0 305.9278
2382.0 306.1138
2383.0 306.2999
2384.0 306.4861
2385.0 306.6723
2386.0 306.8586
2387.0 307.045
2388.0 307.2314
2389.0 307.4179
2390.0 307.6044
2391.0 307.7911
2392.0 307.9777
2393.0 308.1645
2394.0 308.3513
2395.0 308.5381
2396.0 308.725
2397.0 308.912
2398.0 309.0991
2399.0 309.2862
2400.0 309.4733
2401.0 309.6606
2402.0 309.8479
2403.0 310.0352
2404.0 310.2226
2405.0 310.4101
2406.0 310.5977
2407.0 310.7853
2408.0 310.973
2409.0 311.1607
2410.0 311.3485
2411.0 311.5363
2412.0 311.7243
2413.0 311.9122
2414.0 312.1003
2415.0 312.2884
2416.0 312.4766
2417.0 312.6648
2418.0 312.8531
2419.0 313.0415
2420.0 313.2299
2421.0 313.4184
2422.0 313.6069
2423.0 313.7955
2424.0 313.9842
2425.0 314.173
2426.0 314.3618
2427.0 314.5506
2428.0 314.7395
2429.0 314.9285
2430.0 315.1176
2431.0 315.3067
2432.0 315.4959
2433.0 315.6851
2434.0 315.8744
2435.0 316.0638
2436.0 316.2532
2437.0 316.4427
2438.0 316.6322
2439.0 316.8219
2440.0 317.0115
2441.0 317.2013
2442.0 317.3911
2443.0 317.581
2444.0 317.7709
2445.0 317.9609
2446.0 318.1509
2447.0 318.3411
2448.0 318.5312
2449.0 318.7215
2450.0 318.9118
2451.0 319.1022
2452.0 319.2926
2453.0 319.4831
2454.0 319.6737
2455.0 319.8643
2456.0 320.055
2457.0 320.2457
2458.0 320.4365
2459.0 320.6274
2460.0 320.8184
2461.0 321.0094
2462.0 321.2004
2463.0 321.3916
2464.0 321.5828
2465.0 321.774
2466.0 321.9653
2467.0 322.1567
2468.0 322.3482
2469.0 322.5397
2470.0 322.7312
2471.0 322.9229
2472.0 323.1146
2473.0 323.3063
2474.0 323.4982
2475.0 323.69
2476.0 323.882
2477.0 324.074
2478.0 324.2661
2479.0 324.4582
2480.0 324.6504
2481.0 324.8427
2482.0 325.035
2483.0 325.2274
2484.0 325.4199
2485.0 325.6124
2486.0 325.805
2487.0 325.9976
2488.0 326.1903
2489.0 326.3831
2490.0 326.5759
2491.0 326.7688
2492.0 326.9618
2493.0 327.1548
2494.0 327.3479
2495.0 327.5411
2496.0 327.7343
2497.0 327.9276
2498.0 328.1209
2499.0 328.3143
2500.0 328.5078
2501.0 328.7013
2502.0 328.8949
2503.0 329.0886
2504.0 329.2823
2505.0 329.4761
2506.0 329.67
2507.0 329.8639
2508.0 330.0579
2509.0 330.2519
2510.0 330.446
2511.0 330.6402
2512.0 330.8344
2513.0 331.0287
2514.0 331.2231
2515.0 331.4175
2516.0 331.612
2517.0 331.8065
2518.0 332.0011
2519.0 332.1958
2520.0 332.3906
2521.0 332.5854
2522.0 332.7802
2523.0 332.9752
2524.0 333.1702
2525.0 333.3652
2526.0 333.5603
2527.0 333.7555
2528.0 333.9508
2529.0 334.1461
2530.0 334.3415
2531.0 334.5369
2532.0 334.7324
2533.0 334.928
2534.0 335.1236
2535.0 335.3193
2536.0 335.5151
2537.0 335.7109
2538.0 335.9068
2539.0 336.1028
2540.0 336.2988
2541.0 336.4949
2542.0 336.691
2543.0 336.8872
2544.0 337.0835
2545.0 337.2798
2546.0 337.4762
2547.0 337.6727
2548.0 337.8692
2549.0 338.0658
2550.0 338.2625
2551.0 338.4592
2552.0 338.656
2553.0 338.8528
2554.0 339.0497
2555.0 339.2467
2556.0 339.4437
2557.0 339.6408
2558.0 339.838
2559.0 340.0352
2560.0 340.2325
2561.0 340.4299
2562.0 340.6273
2563.0 340.8248
2564.0 341.0224
2565.0 341.22
2566.0 341.4176
2567.0 341.6154
2568.0 341.8132
2569.0 342.0111
2570.0 342.209
2571.0 342.407
2572.0 342.6051
2573.0 342.8032
2574.0 343.0014
2575.0 343.1996
2576.0 343.398
2577.0 343.5964
2578.0 343.7948
2579.0 343.9933
2580.0 344.1919
2581.0 344.3905
2582.0 344.5892
2583.0 344.788
2584.0 344.9868
2585.0 345.1857
2586.0 345.3847
2587.0 345.5837
2588.0 345.7828
2589.0 345.982
2590.0 346.1812
2591.0 346.3805
2592.0 346.5798
2593.0 346.7792
2594.0 346.9787
2595.0 347.1783
2596.0 347.3779
2597.0 347.5775
2598.0 347.7773
2599.0 347.9771
2600.0 348.1769
2601.0 348.3769
2602.0 348.5768
2603.0 348.7769
2604.0 348.977
2605.0 349.1772
2606.0 349.3775
2607.0 349.5778
2608.0 349.7782
2609.0 349.9786
2610.0 350.1791
2611.0 350.3797
2612.0 350.5803
2613.0 350.781
2614.0 350.9818
2615.0 351.1826
2616.0 351.3835
2617.0 351.5845
2618.0 351.7855
2619.0 351.9866
2620.0 352.1877
2621.0 352.3889
2622.0 352.5902
2623.0 352.7916
2624.0 352.993
2625.0 353.1945
2626.0 353.396
2627.0 353.5976
2628.0 353.7993
2629.0 354.001
2630.0 354.2028
2631.0 354.4047
2632.0 354.6066
2633.0 354.8086
2634.0 355.0106
2635.0 355.2128
2636.0 355.4149
2637.0 355.6172
2638.0 355.8195
2639.0 356.0219
2640.0 356.2243
2641.0 356.4268
2642.0 356.6294
2643.0 356.8321
2644.0 357.0348
2645.0 357.2375
2646.0 357.4404
2647.0 357.6433
2648.0 357.8462
2649.0 358.0493
2650.0 358.2524
2651.0 358.4555
2652.0 358.6587
2653.0 358.862
2654.0 359.0654
2655.0 359.2688
2656.0 359.4723
2657.0 359.6758
2658.0 359.8794
2659.0 360.0831
2660.0 360.2869
2661.0 360.4907
2662.0 360.6945
2663.0 360.8985
2664.0 361.1025
2665.0 361.3065
2666.0 361.5107
2667.0 361.7149
2668.0 361.9191
2669.0 362.1235
2670.0 362.3278
2671.0 362.5323
2672.0 362.7368
2673.0 362.9414
2674.0 363.1461
2675.0 363.3508
2676.0 363.5556
2677.0 363.7604
2678.0 363.9653
2679.0 364.1703
2680.0 364.3753
2681.0 364.5804
2682.0 364.7856
2683.0 364.9909
2684.0 365.1962
2685.0 365.4015
2686.0 365.607
2687.0 365.8125
2688.0 366.018
2689.0 366.2237
2690.0 366.4293
2691.0 366.6351
2692.0 366.8409
2693.0 367.0468
2694.0 367.2528
2695.0 367.4588
2696.0 367.6649
2697.0 367.871
2698.0 368.0772
2699.0 368.2835
2700.0 368.4899
2701.0 368.6963
2702.0 368.9028
2703.0 369.1093
2704.0 369.3159
2705.0 369.5226
2706.0 369.7293
2707.0 369.9361
2708.0 370.143
2709.0 370.3499
2710.0 370.5569
2711.0 370.764
2712.0 370.9711
2713.0 371.1783
2714.0 371.3856
2715.0 371.5929
2716.0 371.8003
2717.0 372.0078
2718.0 372.2153
2719.0 372.4229
2720.0 372.6305
2721.0 372.8383
2722.0 373.046
2723.0 373.2539
2724.0 373.4618
2725.0 373.6698
2726.0 373.8778
2727.0 374.0859
2728.0 374.2941
2729.0 374.5024
2730.0 374.7107
2731.0 374.9191
2732.0 375.1275
2733.0 375.336
2734.0 375.5446
2735.0 375.7532
2736.0 375.9619
2737.0 376.1707
2738.0 376.3795
2739.0 376.5884
2740.0 376.7974
2741.0 377.0064
2742.0 377.2155
2743.0 377.4247
2744.0 377.6339
2745.0 377.8432
2746.0 378.0526
2747.0 378.262
2748.0 378.4715
2749.0 378.681
2750.0 378.8907
2751.0 379.1003
2752.0 379.3101
2753.0 379.5199
2754.0 379.7298
2755.0 379.9398
2756.0 380.1498
2757.0 380.3599
2758.0 380.57
2759.0 380.7802
2760.0 380.9905
2761.0 381.2009
2762.0 381.4113
2763.0 381.6217
2764.0 381.8323
2765.0 382.0429
2766.0 382.2536
2767.0 382.4643
2768.0 382.6751
2769.0 382.886
2770.0 383.0969
2771.0 383.3079
2772.0 383.519
2773.0 383.7302
2774.0 383.9414
2775.0 384.1526
2776.0 384.364
2777.0 384.5754
2778.0 384.7868
2779.0 384.9984
2780.0 385.21
2781.0 385.4216
2782.0 385.6334
2783.0 385.8452
2784.0 386.057
2785.0 386.269
2786.0 386.481
2787.0 386.693
2788.0 386.9052
2789.0 387.1173
2790.0 387.3296
2791.0 387.5419
2792.0 387.7543
2793.0 387.9668
2794.0 388.1793
2795.0 388.3919
2796.0 388.6046
2797.0 388.8173
2798.0 389.0301
2799.0 389.2429
2800.0 389.4559
2801.0 389.6689
2802.0 389.8819
2803.0 390.095
2804.0 390.3082
2805.0 390.5215
2806.0 390.7348
2807.0 390.9482
2808.0 391.1616
2809.0 391.3752
2810.0 391.5887
2811.0 391.8024
2812.0 392.0161
2813.0 392.2299
2814.0 392.4437
2815.0 392.6577
2816.0 392.8716
2817.0 393.0857
2818.0 393.2998
2819.0 393.514
2820.0 393.7282
2821.0 393.9426
2822.0 394.1569
2823.0 394.3714
2824.0 394.5859
2825.0 394.8005
2826.0 395.0151
2827.0 395.2299
2828.0 395.4446
2829.0 395.6595
2830.0 395.8744
2831.0 396.0894
2832.0 396.3044
2833.0 396.5195
2834.0 396.7347
2835.0 396.95
2836.0 397.1653
2837.0 397.3807
2838.0 397.5961
2839.0 397.8116
2840.0 398.0272
2841.0 398.2429
2842.0 398.4586
2843.0 398.6743
2844.0 398.8902
2845.0 399.1061
2846.0 399.3221
2847.0 399.5381
2848.0 399.7542
2849.0 399.9704
2850.0 400.1867
2851.0 400.403
2852.0 400.6194
2853.0 400.8358
2854.0 401.0523
2855.0 401.2689
2856.0 401.4856
2857.0 401.7023
2858.0 401.9191
2859.0 402.1359
2860.0 402.3528
2861.0 402.5698
2862.0 402.7868
2863.0 403.004
2864.0 403.2211
2865.0 403.4384
2866.0 403.6557
2867.0 403.8731
2868.0 404.0905
2869.0 404.3081
2870.0 404.5256
2871.0 404.7433
2872.0 404.961
2873.0 405.1788
2874.0 405.3966
2875.0 405.6146
2876.0 405.8325
2877.0 406.0506
2878.0 406.2687
2879.0 406.4869
2880.0 406.7052
2881.0 406.9235
2882.0 407.1419
2883.0 407.3603
2884.0 407.5788
2885.0 407.7974
2886.0 408.0161
2887.0 408.2348
2888.0 408.4536
2889.0 408.6724
2890.0 408.8914
2891.0 409.1104
2892.0 409.3294
2893.0 409.5485
2894.0 409.7677
2895.0 409.987
2896.0 410.2063
2897.0 410.4257
2898.0 410.6452
2899.0 410.8647
2900.0 411.0843
2901.0 411.304
2902.0 411.5237
2903.0 411.7435
2904.0 411.9633
2905.0 412.1833
2906.0 412.4033
2907.0 412.6233
2908.0 412.8435
2909.0 413.0637
2910.0 413.2839
2911.0 413.5043
2912.0 413.7247
2913.0 413.9451
2914.0 414.1657
2915.0 414.3863
2916.0 414.607
2917.0 414.8277
2918.0 415.0485
2919.0 415.2694
2920.0 415.4903
2921.0 415.7113
2922.0 415.9324
2923.0 416.1535
2924.0 416.3748
2925.0 416.596
2926.0 416.8174
2927.0 417.0388
2928.0 417.2603
2929.0 417.4818
2930.0 417.7034
2931.0 417.9251
2932.0 418.1469
2933.0 418.3687
2934.0 418.5906
2935.0 418.8125
2936.0 419.0345
2937.0 419.2566
2938.0 419.4788
2939.0 419.701
2940.0 419.9233
2941.0 420.1457
2942.0 420.3681
2943.0 420.5906
2944.0 420.8131
2945.0 421.0358
2946.0 421.2585
2947.0 421.4812
2948.0 421.7041
2949.0 421.927
2950.0 422.1499
2951.0 422.373
2952.0 422.5961
2953.0 422.8192
2954.0 423.0425
2955.0 423.2658
2956.0 423.4892
2957.0 423.7126
2958.0 423.9361
2959.0 424.1597
2960.0 424.3833
2961.0 424.607
2962.0 424.8308
2963.0 425.0547
2964.0 425.2786
2965.0 425.5026
2966.0 425.7266
2967.0 425.9507
2968.0 426.1749
2969.0 426.3992
2970.0 426.6235
2971.0 426.8479
2972.0 427.0724
2973.0 427.2969
2974.0 427.5215
2975.0 427.7461
2976.0 427.9709
2977.0 428.1957
2978.0 428.4205
2979.0 428.6455
2980.0 428.8705
2981.0 429.0956
2982.0 429.3207
2983.0 429.5459
2984.0 429.7712
2985.0 429.9965
2986.0 430.2219
2987.0 430.4474
2988.0 430.673
2989.0 430.8986
2990.0 431.1243
2991.0 431.35
2992.0 431.5758
2993.0 431.8017
2994.0 432.0277
2995.0 432.2537
2996.0 432.4798
2997.0 432.7059
2998.0 432.9322
2999.0 433.1585
3000.0 433.3848
3001.0 433.6113
3002.0 433.8378
3003.0 434.0643
3004.0 434.291
3005.0 434.5177
3006.0 434.7445
3007.0 434.9713
3008.0 435.1982
3009.0 435.4252
3010.0 435.6522
3011.0 435.8793
3012.0 436.1065
3013.0 436.3338
3014.0 436.5611
3015.0 436.7885
3016.0 437.0159
3017.0 437.2435
3018.0 437.4711
3019.0 437.6987
3020.0 437.9265
3021.0 438.1543
3022.0 438.3821
3023.0 438.6101
3024.0 438.8381
3025.0 439.0661
3026.0 439.2943
3027.0 439.5225
3028.0 439.7508
3029.0 439.9791
3030.0 440.2075
3031.0 440.436
3032.0 440.6646
3033.0 440.8932
3034.0 441.1219
3035.0 441.3506
3036.0 441.5795
3037.0 441.8084
3038.0 442.0373
3039.0 442.2664
3040.0 442.4955
3041.0 442.7246
3042.0 442.9539
3043.0 443.1832
3044.0 443.4125
3045.0 443.642
3046.0 443.8715
3047.0 444.1011
3048.0 444.3307
3049.0 444.5605
3050.0 444.7902
3051.0 445.0201
3052.0 445.25
3053.0 445.48
3054.0 445.7101
3055.0 445.9402
3056.0 446.1704
3057.0 446.4007
3058.0 446.631
3059.0 446.8614
3060.0 447.0919
3061.0 447.3224
3062.0 447.5531
3063.0 447.7837
3064.0 448.0145
3065.0 448.2453
3066.0 448.4762
3067.0 448.7072
3068.0 448.9382
3069.0 449.1693
3070.0 449.4004
3071.0 449.6317
3072.0 449.863
3073.0 450.0943
3074.0 450.3258
3075.0 450.5573
3076.0 450.7889
3077.0 451.0205
3078.0 451.2522
3079.0 451.484
3080.0 451.7159
3081.0 451.9478
3082.0 452.1798
3083.0 452.4118
3084.0 452.644
3085.0 452.8762
3086.0 453.1084
3087.0 453.3408
3088.0 453.5732
3089.0 453.8057
3090.0 454.0382
3091.0 454.2708
3092.0 454.5035
3093.0 454.7363
3094.0 454.9691
3095.0 455.202
3096.0 455.4349
3097.0 455.668
3098.0 455.9011
3099.0 456.1342
3100.0 456.3675
3101.0 456.6008
3102.0 456.8341
3103.0 457.0676
3104.0 457.3011
3105.0 457.5347
3106.0 457.7683
3107.0 458.002
3108.0 458.2358
3109.0 458.4697
3110.0 458.7036
3111.0 458.9376
3112.0 459.1717
3113.0 459.4058
3114.0 459.64
3115.0 459.8743
3116.0 460.1087
3117.0 460.3431
3118.0 460.5776
3119.0 460.8121
3120.0 461.0467
3121.0 461.2814
3122.0 461.5162
3123.0 461.751
3124.0 461.9859
3125.0 462.2209
3126.0 462.4559
3127.0 462.691
3128.0 462.9262
3129.0 463.1615
3130.0 463.3968
3131.0 463.6322
3132.0 463.8676
3133.0 464.1032
3134.0 464.3388
3135.0 464.5744
3136.0 464.8102
3137.0 465.046
3138.0 465.2818
3139.0 465.5178
3140.0 465.7538
3141.0 465.9899
3142.0 466.226
3143.0 466.4623
3144.0 466.6986
3145.0 466.9349
3146.0 467.1714
3147.0 467.4079
3148.0 467.6444
3149.0 467.8811
3150.0 468.1178
3151.0 468.3546
3152.0 468.5914
3153.0 468.8283
3154.0 469.0653
3155.0 469.3024
3156.0 469.5395
3157.0 469.7767
3158.0 470.014
