pdrtpy/tables/PartFun_CH_p.tab
# %ECSV 1.0
# ---
# datatype:
# - {name: T, unit: K, datatype: float64}
# - {name: Q, datatype: float64}
# meta: !!omap
# - {Comment: 'Partition function tabulation for CH_p. Retrieved from https://www.exomol.com/db/CH_p/12C-1H_p/PYT/12C-1H_p__PYT.pf on
#     2026-05-06T12:14:28.084350. See also https://www.exomol.com/data/molecules/ and Pearce+2024, MNRAS 527, 10726.'}
# schema: astropy-2.0
T Q
[from data line 9893]
9894.0 4417.1356
9895.0 4418.1444
9896.0 4419.1533
9897.0 4420.1623
9898.0 4421.1715
9899.0 4422.1808
9900.0 4423.1902
9901.0 4424.1997
9902.0 4425.2094
9903.0 4426.2192
9904.0 4427.2291
9905.0 4428.2391
9906.0 4429.2492
9907.0 4430.2595
9908.0 4431.2699
9909.0 4432.2804
9910.0 4433.2911
9911.0 4434.3018
9912.0 4435.3127
9913.0 4436.3237
9914.0 4437.3348
9915.0 4438.3461
9916.0 4439.3574
9917.0 4440.3689
9918.0 4441.3806
9919.0 4442.3923
9920.0 4443.4042
9921.0 4444.4162
9922.0 4445.4283
9923.0 4446.4405
9924.0 4447.4528
9925.0 4448.4653
9926.0 4449.4779
9927.0 4450.4906
9928.0 4451.5035
9929.0 4452.5164
9930.0 4453.5295
9931.0 4454.5427
9932.0 4455.5561
9933.0 4456.5695
9934.0 4457.5831
9935.0 4458.5968
9936.0 4459.6106
9937.0 4460.6246
9938.0 4461.6386
9939.0 4462.6528
9940.0 4463.6671
9941.0 4464.6816
9942.0 4465.6961
9943.0 4466.7108
9944.0 4467.7256
9945.0 4468.7405
9946.0 4469.7556
9947.0 4470.7707
9948.0 4471.786
9949.0 4472.8014
9950.0 4473.817
9951.0 4474.8326
9952.0 4475.8484
9953.0 4476.8643
9954.0 4477.8803
9955.0 4478.8965
9956.0 4479.9127
9957.0 4480.9291
9958.0 4481.9456
9959.0 4482.9623
9960.0 4483.979
9961.0 4484.9959
9962.0 4486.0129
9963.0 4487.03
9964.0 4488.0473
9965.0 4489.0646
9966.0 4490.0821
9967.0 4491.0997
9968.0 4492.1174
9969.0 4493.1353
9970.0 4494.1533
9971.0 4495.1714
9972.0 4496.1896
9973.0 4497.2079
9974.0 4498.2264
9975.0 4499.245
9976.0 4500.2637
9977.0 4501.2825
9978.0 4502.3014
9979.0 4503.3205
9980.0 4504.3397
9981.0 4505.359
9982.0 4506.3785
9983.0 4507.398
9984.0 4508.4177
9985.0 4509.4375
9986.0 4510.4574
9987.0 4511.4775
9988.0 4512.4976
9989.0 4513.5179
9990.0 4514.5383
9991.0 4515.5589
9992.0 4516.5795
9993.0 4517.6003
9994.0 4518.6212
9995.0 4519.6422
9996.0 4520.6633
9997.0 4521.6846
9998.0 4522.706
9999.0 4523.7275
10000.0 4524.7491
